20
1 2 3 4 5 6 7 8 9 10 11 12 13 14 15 16 18 20 17 19

6
1 2 4 6 5 3

1 2 4 6 5 3
1 2 4 3 5 6 | 3 6
1 2 3 4 5 6 | 3 4


1 2 3 4 5 6 7 8 9 10 11 12 13 14 15 16 18 20 17 19
1 2 3 4 5 6 7 8 9 10 11 12 13 14 15 16 18 20 19 17 | 17 19
1 2 3 4 5 6 7 8 9 10 11 12 13 14 15 16 17 20 19 18 | 17 18
1 2 3 4 5 6 7 8 9 10 11 12 13 14 15 16 17 18 19 20 | 18 20
---------------------------------------------------------
                                                     109

1 2 3 4 5 6 7 8 9 10 11 12 13 14 15 16 18 20 17 19
17 2 3 4 5 6 7 8 9 10 11 12 13 14 15 16 18 20 1 19 | 1 17
17 2 3 4 5 6 7 8 9 10 11 12 13 14 15 16 18 20 19 1 | 1 19
17 2 3 4 5 6 7 8 9 10 11 12 13 14 15 16 18 1 19 20 | 1 20
17 2 3 4 5 6 7 8 9 10 11 12 13 14 15 16 1 18 19 20 | 1 18
1 2 3 4 5 6 7 8 9 10 11 12 13 14 15 16 17 18 19 20 | 1 17
---------------------------------------------------------
                                                     96

5
5 1 2 3 4
5 2 1 3 4 | 1 2
5 2 3 1 4 | 1 3
5 2 3 4 1 | 1 4
1 2 3 4 5 | 1 5

20
1 3 2 5 4 7 6 9 8 11 10 13 12 15 14 17 16 19 18 20

20
1 2 3 4 5 6 7 8 9 10 11 12 13 14 15 16 17 20 18 19
1 2 3 4 5 6 7 8 9 10 11 12 13 14 15 16 17 20 19 18 | 18 20
1 2 3 4 5 6 7 8 9 10 11 12 13 14 15 16 17 18 19 20 | 18 19

4
3 2 4 1

6
1 2 3 6 5 4

20
17 12 11 10 1 19 2 7 16 8 9 3 13 15 14 4 6 18 20 5

10
1 4 3 2 5 6 9 8 7 10

6
6 2 5 1 3 4

9
1 7 5 9 3 8 6 4 2

4
4 3 2 1

5
3 5 4 1 2

7
7 6 5 4 3 2 1

9
1 9 2 6 5 4 7 3 8

6
5 1 3 4 2 6

6
1 2 3 4 5 6

5
1 3 2 4 5

5
4 3 1 5 2
